   2.500000e-04    4.490506e-01 
   7.500000e-04    4.490358e-01 
   1.250000e-03    4.490063e-01 
   1.750000e-03    4.489622e-01 
   2.250000e-03    4.489034e-01 
   2.750000e-03    4.488300e-01 
   3.250000e-03    4.487421e-01 
   3.750000e-03    4.486398e-01 
   4.250000e-03    4.485233e-01 
   4.750000e-03    4.483927e-01 
   5.250000e-03    4.482481e-01 
   5.750000e-03    4.480896e-01 
   6.250000e-03    4.479176e-01 
   6.750000e-03    4.477321e-01 
   7.250000e-03    4.475334e-01 
   7.750000e-03    4.473218e-01 
   8.250000e-03    4.470975e-01 
   8.750000e-03    4.468607e-01 
   9.250000e-03    4.466117e-01 
   9.750000e-03    4.463508e-01 
   1.025000e-02    4.460784e-01 
   1.075000e-02    4.457947e-01 
   1.125000e-02    4.455001e-01 
   1.175000e-02    4.451950e-01 
   1.225000e-02    4.448796e-01 
   1.275000e-02    4.445544e-01 
   1.325000e-02    4.442198e-01 
   1.375000e-02    4.438761e-01 
   1.425000e-02    4.435238e-01 
   1.475000e-02    4.431633e-01 
   1.525000e-02    4.427950e-01 
   1.575000e-02    4.424194e-01 
   1.625000e-02    4.420369e-01 
   1.675000e-02    4.416479e-01 
   1.725000e-02    4.412531e-01 
   1.775000e-02    4.408527e-01 
   1.825000e-02    4.404474e-01 
   1.875000e-02    4.400376e-01 
   1.925000e-02    4.396237e-01 
   1.975000e-02    4.392064e-01 
   2.025000e-02    4.387862e-01 
   2.075000e-02    4.383634e-01 
   2.125000e-02    4.379388e-01 
   2.175000e-02    4.375127e-01 
   2.225000e-02    4.370858e-01 
   2.275000e-02    4.366586e-01 
   2.325000e-02    4.362315e-01 
   2.375000e-02    4.358052e-01 
   2.425000e-02    4.353802e-01 
   2.475000e-02    4.349570e-01 
   2.525000e-02    4.345361e-01 
   2.575000e-02    4.341182e-01 
   2.625000e-02    4.337038e-01 
   2.675000e-02    4.332933e-01 
   2.725000e-02    4.328874e-01 
   2.775000e-02    4.324865e-01 
   2.825000e-02    4.320913e-01 
   2.875000e-02    4.317022e-01 
   2.925000e-02    4.313197e-01 
   2.975000e-02    4.309445e-01 
   3.025000e-02    4.305770e-01 
   3.075000e-02    4.302177e-01 
   3.125000e-02    4.298671e-01 
   3.175000e-02    4.295258e-01 
   3.225000e-02    4.291942e-01 
   3.275000e-02    4.288728e-01 
   3.325000e-02    4.285622e-01 
   3.375000e-02    4.282627e-01 
   3.425000e-02    4.279748e-01 
   3.475000e-02    4.276991e-01 
   3.525000e-02    4.274359e-01 
   3.575000e-02    4.271856e-01 
   3.625000e-02    4.269488e-01 
   3.675000e-02    4.267258e-01 
   3.725000e-02    4.265170e-01 
   3.775000e-02    4.263229e-01 
   3.825000e-02    4.261437e-01 
   3.875000e-02    4.259799e-01 
   3.925000e-02    4.258318e-01 
   3.975000e-02    4.256998e-01 
   4.025000e-02    4.255842e-01 
   4.075000e-02    4.254853e-01 
   4.125000e-02    4.254034e-01 
   4.175000e-02    4.253388e-01 
   4.225000e-02    4.252918e-01 
   4.275000e-02    4.252626e-01 
   4.325000e-02    4.252515e-01 
   4.375000e-02    4.252587e-01 
   4.425000e-02    4.252845e-01 
   4.475000e-02    4.253289e-01 
   4.525000e-02    4.253923e-01 
   4.575000e-02    4.254747e-01 
   4.625000e-02    4.255764e-01 
   4.675000e-02    4.256974e-01 
   4.725000e-02    4.258379e-01 
   4.775000e-02    4.259980e-01 
   4.825000e-02    4.261777e-01 
   4.875000e-02    4.263771e-01 
   4.925000e-02    4.265964e-01 
   4.975000e-02    4.268354e-01 
   5.025000e-02    4.270943e-01 
   5.075000e-02    4.273730e-01 
   5.125000e-02    4.276715e-01 
   5.175000e-02    4.279898e-01 
   5.225000e-02    4.283279e-01 
   5.275000e-02    4.286856e-01 
   5.325000e-02    4.290629e-01 
   5.375000e-02    4.294596e-01 
   5.425000e-02    4.298757e-01 
   5.475000e-02    4.303111e-01 
   5.525000e-02    4.307655e-01 
   5.575000e-02    4.312388e-01 
   5.625000e-02    4.317309e-01 
   5.675000e-02    4.322414e-01 
   5.725000e-02    4.327703e-01 
   5.775000e-02    4.333172e-01 
   5.825000e-02    4.338819e-01 
   5.875000e-02    4.344642e-01 
   5.925000e-02    4.350638e-01 
   5.975000e-02    4.356803e-01 
   6.025000e-02    4.363136e-01 
   6.075000e-02    4.369631e-01 
   6.125000e-02    4.376287e-01 
   6.175000e-02    4.383100e-01 
   6.225000e-02    4.390065e-01 
   6.275000e-02    4.397179e-01 
   6.325000e-02    4.404439e-01 
   6.375000e-02    4.411839e-01 
   6.425000e-02    4.419377e-01 
   6.475000e-02    4.427047e-01 
   6.525000e-02    4.434846e-01 
   6.575000e-02    4.442768e-01 
   6.625000e-02    4.450809e-01 
   6.675000e-02    4.458965e-01 
   6.725000e-02    4.467230e-01 
   6.775000e-02    4.475600e-01 
   6.825000e-02    4.484069e-01 
   6.875000e-02    4.492633e-01 
   6.925000e-02    4.501286e-01 
   6.975000e-02    4.510023e-01 
   7.025000e-02    4.518839e-01 
   7.075000e-02    4.527728e-01 
   7.125000e-02    4.536685e-01 
   7.175000e-02    4.545705e-01 
   7.225000e-02    4.554781e-01 
   7.275000e-02    4.563908e-01 
   7.325000e-02    4.573081e-01 
   7.375000e-02    4.582294e-01 
   7.425000e-02    4.591542e-01 
   7.475000e-02    4.600817e-01 
   7.525000e-02    4.610115e-01 
   7.575000e-02    4.619431e-01 
   7.625000e-02    4.628757e-01 
   7.675000e-02    4.638089e-01 
   7.725000e-02    4.647421e-01 
   7.775000e-02    4.656747e-01 
   7.825000e-02    4.666061e-01 
   7.875000e-02    4.675358e-01 
   7.925000e-02    4.684631e-01 
   7.975000e-02    4.693876e-01 
   8.025000e-02    4.703087e-01 
   8.075000e-02    4.712258e-01 
   8.125000e-02    4.721383e-01 
   8.175000e-02    4.730458e-01 
   8.225000e-02    4.739476e-01 
   8.275000e-02    4.748433e-01 
   8.325000e-02    4.757323e-01 
   8.375000e-02    4.766142e-01 
   8.425000e-02    4.774883e-01 
   8.475000e-02    4.783543e-01 
   8.525000e-02    4.792116e-01 
   8.575000e-02    4.800597e-01 
   8.625000e-02    4.808982e-01 
   8.675000e-02    4.817266e-01 
   8.725000e-02    4.825445e-01 
   8.775000e-02    4.833514e-01 
   8.825000e-02    4.841470e-01 
   8.875000e-02    4.849307e-01 
   8.925000e-02    4.857022e-01 
   8.975000e-02    4.864611e-01 
   9.025000e-02    4.872071e-01 
   9.075000e-02    4.879397e-01 
   9.125000e-02    4.886587e-01 
   9.175000e-02    4.893638e-01 
   9.225000e-02    4.900545e-01 
   9.275000e-02    4.907306e-01 
   9.325000e-02    4.913918e-01 
   9.375000e-02    4.920379e-01 
   9.425000e-02    4.926686e-01 
   9.475000e-02    4.932836e-01 
   9.525000e-02    4.938829e-01 
   9.575000e-02    4.944660e-01 
   9.625000e-02    4.950329e-01 
   9.675000e-02    4.955835e-01 
   9.725000e-02    4.961174e-01 
   9.775000e-02    4.966347e-01 
   9.825000e-02    4.971352e-01 
   9.875000e-02    4.976188e-01 
   9.925000e-02    4.980855e-01 
   9.975000e-02    4.985351e-01 
   1.002500e-01    4.989676e-01 
   1.007500e-01    4.993830e-01 
   1.012500e-01    4.997813e-01 
   1.017500e-01    5.001625e-01 
   1.022500e-01    5.005266e-01 
   1.027500e-01    5.008737e-01 
   1.032500e-01    5.012039e-01 
   1.037500e-01    5.015171e-01 
   1.042500e-01    5.018136e-01 
   1.047500e-01    5.020934e-01 
   1.052500e-01    5.023566e-01 
   1.057500e-01    5.026035e-01 
   1.062500e-01    5.028342e-01 
   1.067500e-01    5.030488e-01 
   1.072500e-01    5.032476e-01 
   1.077500e-01    5.034307e-01 
   1.082500e-01    5.035985e-01 
   1.087500e-01    5.037512e-01 
   1.092500e-01    5.038890e-01 
   1.097500e-01    5.040122e-01 
   1.102500e-01    5.041211e-01 
   1.107500e-01    5.042161e-01 
   1.112500e-01    5.042974e-01 
   1.117500e-01    5.043654e-01 
   1.122500e-01    5.044204e-01 
   1.127500e-01    5.044629e-01 
   1.132500e-01    5.044932e-01 
   1.137500e-01    5.045116e-01 
   1.142500e-01    5.045187e-01 
   1.147500e-01    5.045147e-01 
   1.152500e-01    5.045002e-01 
   1.157500e-01    5.044756e-01 
   1.162500e-01    5.044414e-01 
   1.167500e-01    5.043979e-01 
   1.172500e-01    5.043457e-01 
   1.177500e-01    5.042853e-01 
   1.182500e-01    5.042172e-01 
   1.187500e-01    5.041417e-01 
   1.192500e-01    5.040596e-01 
   1.197500e-01    5.039712e-01 
   1.202500e-01    5.038771e-01 
   1.207500e-01    5.037778e-01 
   1.212500e-01    5.036739e-01 
   1.217500e-01    5.035659e-01 
   1.222500e-01    5.034543e-01 
   1.227500e-01    5.033398e-01 
   1.232500e-01    5.032227e-01 
   1.237500e-01    5.031038e-01 
   1.242500e-01    5.029835e-01 
   1.247500e-01    5.028624e-01 
   1.252500e-01    5.027411e-01 
   1.257500e-01    5.026202e-01 
   1.262500e-01    5.025001e-01 
   1.267500e-01    5.023816e-01 
   1.272500e-01    5.022650e-01 
   1.277500e-01    5.021510e-01 
   1.282500e-01    5.020402e-01 
   1.287500e-01    5.019331e-01 
   1.292500e-01    5.018302e-01 
   1.297500e-01    5.017322e-01 
   1.302500e-01    5.016395e-01 
   1.307500e-01    5.015527e-01 
   1.312500e-01    5.014723e-01 
   1.317500e-01    5.013988e-01 
   1.322500e-01    5.013329e-01 
   1.327500e-01    5.012749e-01 
   1.332500e-01    5.012255e-01 
   1.337500e-01    5.011850e-01 
   1.342500e-01    5.011540e-01 
   1.347500e-01    5.011331e-01 
   1.352500e-01    5.011225e-01 
   1.357500e-01    5.011229e-01 
   1.362500e-01    5.011347e-01 
   1.367500e-01    5.011583e-01 
   1.372500e-01    5.011941e-01 
   1.377500e-01    5.012426e-01 
   1.382500e-01    5.013042e-01 
   1.387500e-01    5.013792e-01 
   1.392500e-01    5.014681e-01 
   1.397500e-01    5.015712e-01 
   1.402500e-01    5.016888e-01 
   1.407500e-01    5.018214e-01 
   1.412500e-01    5.019692e-01 
   1.417500e-01    5.021326e-01 
   1.422500e-01    5.023118e-01 
   1.427500e-01    5.025071e-01 
   1.432500e-01    5.027188e-01 
   1.437500e-01    5.029471e-01 
   1.442500e-01    5.031923e-01 
   1.447500e-01    5.034546e-01 
   1.452500e-01    5.037341e-01 
   1.457500e-01    5.040311e-01 
   1.462500e-01    5.043457e-01 
   1.467500e-01    5.046781e-01 
   1.472500e-01    5.050284e-01 
   1.477500e-01    5.053966e-01 
   1.482500e-01    5.057830e-01 
   1.487500e-01    5.061875e-01 
   1.492500e-01    5.066102e-01 
   1.497500e-01    5.070511e-01 
   1.502500e-01    5.075103e-01 
   1.507500e-01    5.079878e-01 
   1.512500e-01    5.084836e-01 
   1.517500e-01    5.089975e-01 
   1.522500e-01    5.095295e-01 
   1.527500e-01    5.100797e-01 
   1.532500e-01    5.106478e-01 
   1.537500e-01    5.112338e-01 
   1.542500e-01    5.118375e-01 
   1.547500e-01    5.124587e-01 
   1.552500e-01    5.130974e-01 
   1.557500e-01    5.137533e-01 
   1.562500e-01    5.144262e-01 
   1.567500e-01    5.151159e-01 
   1.572500e-01    5.158221e-01 
   1.577500e-01    5.165447e-01 
   1.582500e-01    5.172832e-01 
   1.587500e-01    5.180375e-01 
   1.592500e-01    5.188071e-01 
   1.597500e-01    5.195919e-01 
   1.602500e-01    5.203914e-01 
   1.607500e-01    5.212053e-01 
   1.612500e-01    5.220331e-01 
   1.617500e-01    5.228746e-01 
   1.622500e-01    5.237293e-01 
   1.627500e-01    5.245968e-01 
   1.632500e-01    5.254767e-01 
   1.637500e-01    5.263684e-01 
   1.642500e-01    5.272716e-01 
   1.647500e-01    5.281858e-01 
   1.652500e-01    5.291105e-01 
   1.657500e-01    5.300452e-01 
   1.662500e-01    5.309893e-01 
   1.667500e-01    5.319424e-01 
   1.672500e-01    5.329039e-01 
   1.677500e-01    5.338733e-01 
   1.682500e-01    5.348501e-01 
   1.687500e-01    5.358336e-01 
   1.692500e-01    5.368233e-01 
   1.697500e-01    5.378186e-01 
   1.702500e-01    5.388190e-01 
   1.707500e-01    5.398238e-01 
   1.712500e-01    5.408325e-01 
   1.717500e-01    5.418445e-01 
   1.722500e-01    5.428590e-01 
   1.727500e-01    5.438756e-01 
   1.732500e-01    5.448937e-01 
   1.737500e-01    5.459125e-01 
   1.742500e-01    5.469315e-01 
   1.747500e-01    5.479500e-01 
   1.752500e-01    5.489675e-01 
   1.757500e-01    5.499833e-01 
   1.762500e-01    5.509967e-01 
   1.767500e-01    5.520072e-01 
   1.772500e-01    5.530141e-01 
   1.777500e-01    5.540168e-01 
   1.782500e-01    5.550147e-01 
   1.787500e-01    5.560071e-01 
   1.792500e-01    5.569935e-01 
   1.797500e-01    5.579733e-01 
   1.802500e-01    5.589457e-01 
   1.807500e-01    5.599103e-01 
   1.812500e-01    5.608665e-01 
   1.817500e-01    5.618135e-01 
   1.822500e-01    5.627510e-01 
   1.827500e-01    5.636782e-01 
   1.832500e-01    5.645947e-01 
   1.837500e-01    5.654999e-01 
   1.842500e-01    5.663932e-01 
   1.847500e-01    5.672740e-01 
   1.852500e-01    5.681420e-01 
   1.857500e-01    5.689964e-01 
   1.862500e-01    5.698370e-01 
   1.867500e-01    5.706630e-01 
   1.872500e-01    5.714742e-01 
   1.877500e-01    5.722699e-01 
   1.882500e-01    5.730497e-01 
   1.887500e-01    5.738133e-01 
   1.892500e-01    5.745601e-01 
   1.897500e-01    5.752898e-01 
   1.902500e-01    5.760020e-01 
   1.907500e-01    5.766962e-01 
   1.912500e-01    5.773721e-01 
   1.917500e-01    5.780293e-01 
   1.922500e-01    5.786676e-01 
   1.927500e-01    5.792865e-01 
   1.932500e-01    5.798858e-01 
   1.937500e-01    5.804652e-01 
   1.942500e-01    5.810244e-01 
   1.947500e-01    5.815632e-01 
   1.952500e-01    5.820813e-01 
   1.957500e-01    5.825785e-01 
   1.962500e-01    5.830546e-01 
   1.967500e-01    5.835094e-01 
   1.972500e-01    5.839428e-01 
   1.977500e-01    5.843546e-01 
   1.982500e-01    5.847446e-01 
   1.987500e-01    5.851129e-01 
   1.992500e-01    5.854592e-01 
   1.997500e-01    5.857835e-01 
   2.002500e-01    5.860858e-01 
   2.007500e-01    5.863660e-01 
   2.012500e-01    5.866241e-01 
   2.017500e-01    5.868601e-01 
   2.022500e-01    5.870741e-01 
   2.027500e-01    5.872660e-01 
   2.032500e-01    5.874359e-01 
   2.037500e-01    5.875840e-01 
   2.042500e-01    5.877103e-01 
   2.047500e-01    5.878149e-01 
   2.052500e-01    5.878979e-01 
   2.057500e-01    5.879596e-01 
   2.062500e-01    5.880001e-01 
   2.067500e-01    5.880195e-01 
   2.072500e-01    5.880182e-01 
   2.077500e-01    5.879962e-01 
   2.082500e-01    5.879540e-01 
   2.087500e-01    5.878916e-01 
   2.092500e-01    5.878094e-01 
   2.097500e-01    5.877078e-01 
   2.102500e-01    5.875869e-01 
   2.107500e-01    5.874472e-01 
   2.112500e-01    5.872890e-01 
   2.117500e-01    5.871127e-01 
   2.122500e-01    5.869185e-01 
   2.127500e-01    5.867070e-01 
   2.132500e-01    5.864786e-01 
   2.137500e-01    5.862336e-01 
   2.142500e-01    5.859724e-01 
   2.147500e-01    5.856956e-01 
   2.152500e-01    5.854037e-01 
   2.157500e-01    5.850970e-01 
   2.162500e-01    5.847761e-01 
   2.167500e-01    5.844414e-01 
   2.172500e-01    5.840936e-01 
   2.177500e-01    5.837331e-01 
   2.182500e-01    5.833604e-01 
   2.187500e-01    5.829762e-01 
   2.192500e-01    5.825809e-01 
   2.197500e-01    5.821751e-01 
   2.202500e-01    5.817594e-01 
   2.207500e-01    5.813345e-01 
   2.212500e-01    5.809007e-01 
   2.217500e-01    5.804589e-01 
   2.222500e-01    5.800096e-01 
   2.227500e-01    5.795533e-01 
   2.232500e-01    5.790907e-01 
   2.237500e-01    5.786225e-01 
   2.242500e-01    5.781492e-01 
   2.247500e-01    5.776715e-01 
   2.252500e-01    5.771900e-01 
   2.257500e-01    5.767053e-01 
   2.262500e-01    5.762181e-01 
   2.267500e-01    5.757291e-01 
   2.272500e-01    5.752387e-01 
   2.277500e-01    5.747478e-01 
   2.282500e-01    5.742569e-01 
   2.287500e-01    5.737666e-01 
   2.292500e-01    5.732777e-01 
   2.297500e-01    5.727906e-01 
   2.302500e-01    5.723062e-01 
   2.307500e-01    5.718248e-01 
   2.312500e-01    5.713473e-01 
   2.317500e-01    5.708741e-01 
   2.322500e-01    5.704060e-01 
   2.327500e-01    5.699435e-01 
   2.332500e-01    5.694871e-01 
   2.337500e-01    5.690376e-01 
   2.342500e-01    5.685954e-01 
   2.347500e-01    5.681611e-01 
   2.352500e-01    5.677353e-01 
   2.357500e-01    5.673186e-01 
   2.362500e-01    5.669114e-01 
   2.367500e-01    5.665143e-01 
   2.372500e-01    5.661278e-01 
   2.377500e-01    5.657524e-01 
   2.382500e-01    5.653886e-01 
   2.387500e-01    5.650369e-01 
   2.392500e-01    5.646977e-01 
   2.397500e-01    5.643715e-01 
   2.402500e-01    5.640587e-01 
   2.407500e-01    5.637597e-01 
   2.412500e-01    5.634749e-01 
   2.417500e-01    5.632048e-01 
   2.422500e-01    5.629496e-01 
   2.427500e-01    5.627097e-01 
   2.432500e-01    5.624855e-01 
   2.437500e-01    5.622772e-01 
   2.442500e-01    5.620852e-01 
   2.447500e-01    5.619098e-01 
   2.452500e-01    5.617511e-01 
   2.457500e-01    5.616094e-01 
   2.462500e-01    5.614850e-01 
   2.467500e-01    5.613781e-01 
   2.472500e-01    5.612888e-01 
   2.477500e-01    5.612172e-01 
   2.482500e-01    5.611636e-01 
   2.487500e-01    5.611280e-01 
   2.492500e-01    5.611106e-01 
   2.497500e-01    5.611113e-01 
   2.502500e-01    5.611303e-01 
   2.507500e-01    5.611676e-01 
   2.512500e-01    5.612232e-01 
   2.517500e-01    5.612971e-01 
   2.522500e-01    5.613893e-01 
   2.527500e-01    5.614996e-01 
   2.532500e-01    5.616281e-01 
   2.537500e-01    5.617747e-01 
   2.542500e-01    5.619391e-01 
   2.547500e-01    5.621213e-01 
   2.552500e-01    5.623211e-01 
   2.557500e-01    5.625384e-01 
   2.562500e-01    5.627729e-01 
   2.567500e-01    5.630244e-01 
   2.572500e-01    5.632927e-01 
   2.577500e-01    5.635774e-01 
   2.582500e-01    5.638784e-01 
   2.587500e-01    5.641953e-01 
   2.592500e-01    5.645277e-01 
   2.597500e-01    5.648754e-01 
   2.602500e-01    5.652380e-01 
   2.607500e-01    5.656151e-01 
   2.612500e-01    5.660062e-01 
   2.617500e-01    5.664110e-01 
   2.622500e-01    5.668291e-01 
   2.627500e-01    5.672599e-01 
   2.632500e-01    5.677031e-01 
   2.637500e-01    5.681581e-01 
   2.642500e-01    5.686244e-01 
   2.647500e-01    5.691015e-01 
   2.652500e-01    5.695888e-01 
   2.657500e-01    5.700859e-01 
   2.662500e-01    5.705921e-01 
   2.667500e-01    5.711069e-01 
   2.672500e-01    5.716297e-01 
   2.677500e-01    5.721599e-01 
   2.682500e-01    5.726969e-01 
   2.687500e-01    5.732400e-01 
   2.692500e-01    5.737886e-01 
   2.697500e-01    5.743421e-01 
   2.702500e-01    5.748998e-01 
   2.707500e-01    5.754611e-01 
   2.712500e-01    5.760252e-01 
   2.717500e-01    5.765916e-01 
   2.722500e-01    5.771594e-01 
   2.727500e-01    5.777281e-01 
   2.732500e-01    5.782969e-01 
   2.737500e-01    5.788651e-01 
   2.742500e-01    5.794320e-01 
   2.747500e-01    5.799969e-01 
   2.752500e-01    5.805591e-01 
   2.757500e-01    5.811179e-01 
   2.762500e-01    5.816725e-01 
   2.767500e-01    5.822223e-01 
   2.772500e-01    5.827665e-01 
   2.777500e-01    5.833044e-01 
   2.782500e-01    5.838353e-01 
   2.787500e-01    5.843585e-01 
   2.792500e-01    5.848732e-01 
   2.797500e-01    5.853788e-01 
   2.802500e-01    5.858746e-01 
   2.807500e-01    5.863598e-01 
   2.812500e-01    5.868337e-01 
   2.817500e-01    5.872958e-01 
   2.822500e-01    5.877452e-01 
   2.827500e-01    5.881813e-01 
   2.832500e-01    5.886035e-01 
   2.837500e-01    5.890111e-01 
   2.842500e-01    5.894034e-01 
   2.847500e-01    5.897799e-01 
   2.852500e-01    5.901398e-01 
   2.857500e-01    5.904826e-01 
   2.862500e-01    5.908076e-01 
   2.867500e-01    5.911143e-01 
   2.872500e-01    5.914021e-01 
   2.877500e-01    5.916704e-01 
   2.882500e-01    5.919186e-01 
   2.887500e-01    5.921463e-01 
   2.892500e-01    5.923529e-01 
   2.897500e-01    5.925378e-01 
   2.902500e-01    5.927006e-01 
   2.907500e-01    5.928409e-01 
   2.912500e-01    5.929581e-01 
   2.917500e-01    5.930518e-01 
   2.922500e-01    5.931216e-01 
   2.927500e-01    5.931671e-01 
   2.932500e-01    5.931878e-01 
   2.937500e-01    5.931835e-01 
   2.942500e-01    5.931537e-01 
   2.947500e-01    5.930981e-01 
   2.952500e-01    5.930164e-01 
   2.957500e-01    5.929084e-01 
   2.962500e-01    5.927737e-01 
   2.967500e-01    5.926121e-01 
   2.972500e-01    5.924234e-01 
   2.977500e-01    5.922073e-01 
   2.982500e-01    5.919636e-01 
   2.987500e-01    5.916923e-01 
   2.992500e-01    5.913932e-01 
   2.997500e-01    5.910660e-01 
   3.002500e-01    5.907108e-01 
   3.007500e-01    5.903275e-01 
   3.012500e-01    5.899159e-01 
   3.017500e-01    5.894762e-01 
   3.022500e-01    5.890082e-01 
   3.027500e-01    5.885120e-01 
   3.032500e-01    5.879876e-01 
   3.037500e-01    5.874351e-01 
   3.042500e-01    5.868546e-01 
   3.047500e-01    5.862461e-01 
   3.052500e-01    5.856099e-01 
   3.057500e-01    5.849460e-01 
   3.062500e-01    5.842547e-01 
   3.067500e-01    5.835361e-01 
   3.072500e-01    5.827906e-01 
   3.077500e-01    5.820182e-01 
   3.082500e-01    5.812194e-01 
   3.087500e-01    5.803943e-01 
   3.092500e-01    5.795434e-01 
   3.097500e-01    5.786669e-01 
   3.102500e-01    5.777653e-01 
   3.107500e-01    5.768389e-01 
   3.112500e-01    5.758881e-01 
   3.117500e-01    5.749134e-01 
   3.122500e-01    5.739151e-01 
   3.127500e-01    5.728939e-01 
   3.132500e-01    5.718501e-01 
   3.137500e-01    5.707844e-01 
   3.142500e-01    5.696971e-01 
   3.147500e-01    5.685890e-01 
   3.152500e-01    5.674605e-01 
   3.157500e-01    5.663123e-01 
   3.162500e-01    5.651449e-01 
   3.167500e-01    5.639590e-01 
   3.172500e-01    5.627553e-01 
   3.177500e-01    5.615344e-01 
   3.182500e-01    5.602970e-01 
   3.187500e-01    5.590438e-01 
   3.192500e-01    5.577755e-01 
   3.197500e-01    5.564928e-01 
   3.202500e-01    5.551965e-01 
   3.207500e-01    5.538873e-01 
   3.212500e-01    5.525661e-01 
   3.217500e-01    5.512334e-01 
   3.222500e-01    5.498903e-01 
   3.227500e-01    5.485374e-01 
   3.232500e-01    5.471756e-01 
   3.237500e-01    5.458057e-01 
   3.242500e-01    5.444285e-01 
   3.247500e-01    5.430449e-01 
   3.252500e-01    5.416556e-01 
   3.257500e-01    5.402616e-01 
   3.262500e-01    5.388637e-01 
   3.267500e-01    5.374628e-01 
   3.272500e-01    5.360596e-01 
   3.277500e-01    5.346552e-01 
   3.282500e-01    5.332502e-01 
   3.287500e-01    5.318457e-01 
   3.292500e-01    5.304423e-01 
   3.297500e-01    5.290412e-01 
   3.302500e-01    5.276429e-01 
   3.307500e-01    5.262485e-01 
   3.312500e-01    5.248588e-01 
   3.317500e-01    5.234746e-01 
   3.322500e-01    5.220968e-01 
   3.327500e-01    5.207262e-01 
   3.332500e-01    5.193636e-01 
   3.337500e-01    5.180099e-01 
   3.342500e-01    5.166658e-01 
   3.347500e-01    5.153321e-01 
   3.352500e-01    5.140098e-01 
   3.357500e-01    5.126994e-01 
   3.362500e-01    5.114018e-01 
   3.367500e-01    5.101177e-01 
   3.372500e-01    5.088480e-01 
   3.377500e-01    5.075932e-01 
   3.382500e-01    5.063541e-01 
   3.387500e-01    5.051314e-01 
   3.392500e-01    5.039258e-01 
   3.397500e-01    5.027379e-01 
   3.402500e-01    5.015683e-01 
   3.407500e-01    5.004178e-01 
   3.412500e-01    4.992867e-01 
   3.417500e-01    4.981759e-01 
   3.422500e-01    4.970857e-01 
   3.427500e-01    4.960168e-01 
   3.432500e-01    4.949696e-01 
   3.437500e-01    4.939447e-01 
   3.442500e-01    4.929425e-01 
   3.447500e-01    4.919634e-01 
   3.452500e-01    4.910079e-01 
   3.457500e-01    4.900763e-01 
   3.462500e-01    4.891691e-01 
   3.467500e-01    4.882865e-01 
   3.472500e-01    4.874289e-01 
   3.477500e-01    4.865966e-01 
   3.482500e-01    4.857898e-01 
   3.487500e-01    4.850088e-01 
   3.492500e-01    4.842537e-01 
   3.497500e-01    4.835248e-01 
   3.502500e-01    4.828223e-01 
   3.507500e-01    4.821461e-01 
   3.512500e-01    4.814965e-01 
   3.517500e-01    4.808735e-01 
   3.522500e-01    4.802772e-01 
   3.527500e-01    4.797074e-01 
   3.532500e-01    4.791644e-01 
   3.537500e-01    4.786479e-01 
   3.542500e-01    4.781579e-01 
   3.547500e-01    4.776943e-01 
   3.552500e-01    4.772570e-01 
   3.557500e-01    4.768457e-01 
   3.562500e-01    4.764604e-01 
   3.567500e-01    4.761008e-01 
   3.572500e-01    4.757666e-01 
   3.577500e-01    4.754576e-01 
   3.582500e-01    4.751735e-01 
   3.587500e-01    4.749139e-01 
   3.592500e-01    4.746784e-01 
   3.597500e-01    4.744667e-01 
   3.602500e-01    4.742783e-01 
   3.607500e-01    4.741128e-01 
   3.612500e-01    4.739698e-01 
   3.617500e-01    4.738487e-01 
   3.622500e-01    4.737490e-01 
   3.627500e-01    4.736701e-01 
   3.632500e-01    4.736115e-01 
   3.637500e-01    4.735726e-01 
   3.642500e-01    4.735527e-01 
   3.647500e-01    4.735511e-01 
   3.652500e-01    4.735673e-01 
   3.657500e-01    4.736005e-01 
   3.662500e-01    4.736500e-01 
   3.667500e-01    4.737150e-01 
   3.672500e-01    4.737947e-01 
   3.677500e-01    4.738885e-01 
   3.682500e-01    4.739954e-01 
   3.687500e-01    4.741146e-01 
   3.692500e-01    4.742454e-01 
   3.697500e-01    4.743868e-01 
   3.702500e-01    4.745379e-01 
   3.707500e-01    4.746978e-01 
   3.712500e-01    4.748657e-01 
   3.717500e-01    4.750406e-01 
   3.722500e-01    4.752215e-01 
   3.727500e-01    4.754076e-01 
   3.732500e-01    4.755977e-01 
   3.737500e-01    4.757909e-01 
   3.742500e-01    4.759863e-01 
   3.747500e-01    4.761828e-01 
   3.752500e-01    4.763794e-01 
   3.757500e-01    4.765750e-01 
   3.762500e-01    4.767687e-01 
   3.767500e-01    4.769594e-01 
   3.772500e-01    4.771460e-01 
   3.777500e-01    4.773276e-01 
   3.782500e-01    4.775029e-01 
   3.787500e-01    4.776711e-01 
   3.792500e-01    4.778310e-01 
   3.797500e-01    4.779815e-01 
   3.802500e-01    4.781216e-01 
   3.807500e-01    4.782503e-01 
   3.812500e-01    4.783664e-01 
   3.817500e-01    4.784690e-01 
   3.822500e-01    4.785569e-01 
   3.827500e-01    4.786291e-01 
   3.832500e-01    4.786846e-01 
   3.837500e-01    4.787223e-01 
   3.842500e-01    4.787413e-01 
   3.847500e-01    4.787404e-01 
   3.852500e-01    4.787187e-01 
   3.857500e-01    4.786752e-01 
   3.862500e-01    4.786089e-01 
   3.867500e-01    4.785188e-01 
   3.872500e-01    4.784040e-01 
   3.877500e-01    4.782635e-01 
   3.882500e-01    4.780965e-01 
   3.887500e-01    4.779018e-01 
   3.892500e-01    4.776788e-01 
   3.897500e-01    4.774265e-01 
   3.902500e-01    4.771441e-01 
   3.907500e-01    4.768307e-01 
   3.912500e-01    4.764855e-01 
   3.917500e-01    4.761077e-01 
   3.922500e-01    4.756966e-01 
   3.927500e-01    4.752515e-01 
   3.932500e-01    4.747715e-01 
   3.937500e-01    4.742560e-01 
   3.942500e-01    4.737044e-01 
   3.947500e-01    4.731159e-01 
   3.952500e-01    4.724901e-01 
   3.957500e-01    4.718263e-01 
   3.962500e-01    4.711240e-01 
   3.967500e-01    4.703827e-01 
   3.972500e-01    4.696018e-01 
   3.977500e-01    4.687810e-01 
   3.982500e-01    4.679197e-01 
   3.987500e-01    4.670177e-01 
   3.992500e-01    4.660746e-01 
   3.997500e-01    4.650900e-01 
   4.002500e-01    4.640637e-01 
   4.007500e-01    4.629954e-01 
   4.012500e-01    4.618850e-01 
   4.017500e-01    4.607322e-01 
   4.022500e-01    4.595370e-01 
   4.027500e-01    4.582992e-01 
   4.032500e-01    4.570188e-01 
   4.037500e-01    4.556958e-01 
   4.042500e-01    4.543303e-01 
   4.047500e-01    4.529222e-01 
   4.052500e-01    4.514717e-01 
   4.057500e-01    4.499790e-01 
   4.062500e-01    4.484442e-01 
   4.067500e-01    4.468676e-01 
   4.072500e-01    4.452495e-01 
   4.077500e-01    4.435901e-01 
   4.082500e-01    4.418899e-01 
   4.087500e-01    4.401492e-01 
   4.092500e-01    4.383685e-01 
   4.097500e-01    4.365483e-01 
   4.102500e-01    4.346891e-01 
   4.107500e-01    4.327915e-01 
   4.112500e-01    4.308561e-01 
   4.117500e-01    4.288835e-01 
   4.122500e-01    4.268745e-01 
   4.127500e-01    4.248297e-01 
   4.132500e-01    4.227501e-01 
   4.137500e-01    4.206363e-01 
   4.142500e-01    4.184892e-01 
   4.147500e-01    4.163098e-01 
   4.152500e-01    4.140989e-01 
   4.157500e-01    4.118576e-01 
   4.162500e-01    4.095868e-01 
   4.167500e-01    4.072876e-01 
   4.172500e-01    4.049611e-01 
   4.177500e-01    4.026083e-01 
   4.182500e-01    4.002305e-01 
   4.187500e-01    3.978288e-01 
   4.192500e-01    3.954045e-01 
   4.197500e-01    3.929587e-01 
   4.202500e-01    3.904927e-01 
   4.207500e-01    3.880078e-01 
   4.212500e-01    3.855054e-01 
   4.217500e-01    3.829868e-01 
   4.222500e-01    3.804533e-01 
   4.227500e-01    3.779064e-01 
   4.232500e-01    3.753475e-01 
   4.237500e-01    3.727781e-01 
   4.242500e-01    3.701994e-01 
   4.247500e-01    3.676132e-01 
   4.252500e-01    3.650207e-01 
   4.257500e-01    3.624236e-01 
   4.262500e-01    3.598232e-01 
   4.267500e-01    3.572213e-01 
   4.272500e-01    3.546192e-01 
   4.277500e-01    3.520185e-01 
   4.282500e-01    3.494208e-01 
   4.287500e-01    3.468276e-01 
   4.292500e-01    3.442405e-01 
   4.297500e-01    3.416610e-01 
   4.302500e-01    3.390906e-01 
   4.307500e-01    3.365310e-01 
   4.312500e-01    3.339835e-01 
   4.317500e-01    3.314499e-01 
   4.322500e-01    3.289317e-01 
   4.327500e-01    3.264302e-01 
   4.332500e-01    3.239472e-01 
   4.337500e-01    3.214840e-01 
   4.342500e-01    3.190422e-01 
   4.347500e-01    3.166233e-01 
   4.352500e-01    3.142287e-01 
   4.357500e-01    3.118600e-01 
   4.362500e-01    3.095184e-01 
   4.367500e-01    3.072055e-01 
   4.372500e-01    3.049227e-01 
   4.377500e-01    3.026713e-01 
   4.382500e-01    3.004527e-01 
   4.387500e-01    2.982683e-01 
   4.392500e-01    2.961194e-01 
   4.397500e-01    2.940073e-01 
   4.402500e-01    2.919332e-01 
   4.407500e-01    2.898985e-01 
   4.412500e-01    2.879044e-01 
   4.417500e-01    2.859520e-01 
   4.422500e-01    2.840427e-01 
   4.427500e-01    2.821775e-01 
   4.432500e-01    2.803576e-01 
   4.437500e-01    2.785840e-01 
   4.442500e-01    2.768580e-01 
   4.447500e-01    2.751806e-01 
   4.452500e-01    2.735528e-01 
   4.457500e-01    2.719756e-01 
   4.462500e-01    2.704500e-01 
   4.467500e-01    2.689770e-01 
   4.472500e-01    2.675576e-01 
   4.477500e-01    2.661926e-01 
   4.482500e-01    2.648830e-01 
   4.487500e-01    2.636297e-01 
   4.492500e-01    2.624334e-01 
   4.497500e-01    2.612951e-01 
   4.502500e-01    2.602155e-01 
   4.507500e-01    2.591954e-01 
   4.512500e-01    2.582355e-01 
   4.517500e-01    2.573367e-01 
   4.522500e-01    2.564996e-01 
   4.527500e-01    2.557249e-01 
   4.532500e-01    2.550134e-01 
   4.537500e-01    2.543655e-01 
   4.542500e-01    2.537821e-01 
   4.547500e-01    2.532636e-01 
   4.552500e-01    2.528108e-01 
   4.557500e-01    2.524241e-01 
   4.562500e-01    2.521041e-01 
   4.567500e-01    2.518513e-01 
   4.572500e-01    2.516663e-01 
   4.577500e-01    2.515495e-01 
   4.582500e-01    2.515015e-01 
   4.587500e-01    2.515226e-01 
   4.592500e-01    2.516133e-01 
   4.597500e-01    2.517740e-01 
   4.602500e-01    2.520051e-01 
   4.607500e-01    2.523069e-01 
   4.612500e-01    2.526799e-01 
   4.617500e-01    2.531243e-01 
   4.622500e-01    2.536405e-01 
   4.627500e-01    2.542286e-01 
   4.632500e-01    2.548890e-01 
   4.637500e-01    2.556220e-01 
   4.642500e-01    2.564277e-01 
   4.647500e-01    2.573062e-01 
   4.652500e-01    2.582579e-01 
   4.657500e-01    2.592827e-01 
   4.662500e-01    2.603808e-01 
   4.667500e-01    2.615523e-01 
   4.672500e-01    2.627972e-01 
   4.677500e-01    2.641156e-01 
   4.682500e-01    2.655073e-01 
   4.687500e-01    2.669725e-01 
   4.692500e-01    2.685109e-01 
   4.697500e-01    2.701225e-01 
   4.702500e-01    2.718072e-01 
   4.707500e-01    2.735647e-01 
   4.712500e-01    2.753948e-01 
   4.717500e-01    2.772972e-01 
   4.722500e-01    2.792718e-01 
   4.727500e-01    2.813180e-01 
   4.732500e-01    2.834356e-01 
   4.737500e-01    2.856240e-01 
   4.742500e-01    2.878829e-01 
   4.747500e-01    2.902117e-01 
   4.752500e-01    2.926099e-01 
   4.757500e-01    2.950768e-01 
   4.762500e-01    2.976118e-01 
   4.767500e-01    3.002142e-01 
   4.772500e-01    3.028832e-01 
   4.777500e-01    3.056181e-01 
   4.782500e-01    3.084179e-01 
   4.787500e-01    3.112819e-01 
   4.792500e-01    3.142089e-01 
   4.797500e-01    3.171981e-01 
   4.802500e-01    3.202484e-01 
   4.807500e-01    3.233586e-01 
   4.812500e-01    3.265277e-01 
   4.817500e-01    3.297543e-01 
   4.822500e-01    3.330373e-01 
   4.827500e-01    3.363754e-01 
   4.832500e-01    3.397671e-01 
   4.837500e-01    3.432110e-01 
   4.842500e-01    3.467058e-01 
   4.847500e-01    3.502498e-01 
   4.852500e-01    3.538416e-01 
   4.857500e-01    3.574795e-01 
   4.862500e-01    3.611619e-01 
   4.867500e-01    3.648871e-01 
   4.872500e-01    3.686533e-01 
   4.877500e-01    3.724588e-01 
   4.882500e-01    3.763018e-01 
   4.887500e-01    3.801804e-01 
   4.892500e-01    3.840927e-01 
   4.897500e-01    3.880367e-01 
   4.902500e-01    3.920106e-01 
   4.907500e-01    3.960124e-01 
   4.912500e-01    4.000399e-01 
   4.917500e-01    4.040912e-01 
   4.922500e-01    4.081642e-01 
   4.927500e-01    4.122569e-01 
   4.932500e-01    4.163670e-01 
   4.937500e-01    4.204925e-01 
   4.942500e-01    4.246312e-01 
   4.947500e-01    4.287810e-01 
   4.952500e-01    4.329398e-01 
   4.957500e-01    4.371053e-01 
   4.962500e-01    4.412753e-01 
   4.967500e-01    4.454478e-01 
   4.972500e-01    4.496205e-01 
   4.977500e-01    4.537912e-01 
   4.982500e-01    4.579578e-01 
   4.987500e-01    4.621182e-01 
   4.992500e-01    4.662701e-01 
   4.997500e-01    4.704115e-01 
